1 3 8 2506
2 1 3 2278
3 2 10 5207
4 3 3 173
5 0 10 7068
6 2 8 2174
7 2 8 517
8 3 5 6190
9 2 10 5993
10 3 3 6441
11 0 10 862
12 3 8 6354
13 2 6 6644
14 0 9 2449
15 0 9 6162
16 2 7 3465
17 1 5 1250
18 1 4 3706
19 0 3 5931
20 2 6 5506
21 3 6 4170
22 2 9 5599
23 2 3 7709
24 1 4 5993
25 0 4 9331
26 3 10 8957
27 3 7 2054
28 1 4 6113
29 0 5 8651
30 3 3 7490
31 2 6 9259
32 1 5 9069
33 0 7 6492
34 3 4 384
35 3 4 6972
36 2 8 3522
37 0 3 3051
38 1 4 2330
39 0 5 7448
40 2 4 8145
41 0 3 4509
42 0 8 7204
43 3 8 2682
44 3 7 1135
45 3 3 4913
46 1 9 3923
47 2 5 5178
48 3 3 6182
49 2 3 7935
50 3 5 6367
51 0 5 6885
52 1 6 7306
53 3 5 6877
54 2 4 3305
55 1 4 9781
56 2 5 2185
57 0 7 2924
58 3 6 4050
59 3 5 1676
60 1 4 1748
61 0 5 4362
62 0 10 9818
63 0 5 3635
64 2 3 5756
65 1 5 310
66 3 3 6676
67 0 4 3264
68 3 7 5531
69 2 6 9455
70 1 3 6230
71 2 7 3900
72 2 3 4270
73 1 4 7148
74 3 6 6260
75 2 7 5245
76 2 7 6311
77 0 3 3381
78 2 6 1533
79 3 8 596
80 3 9 8405
81 0 3 5173
82 3 10 1332
83 1 7 4090
84 1 6 6675
85 2 8 9686
86 1 6 6652
87 1 10 8516
88 1 8 9244
89 2 4 9138
90 1 7 3521
91 1 3 7591
92 1 10 2159
93 1 3 591
94 3 8 6424
95 0 3 2905
96 1 4 2752
97 3 5 9934
98 0 7 7815
99 1 5 1825
100 2 10 4968