1 3 8
2 1 5
3 1 2
4 0 3
5 2 8
6 2 4
7 1 3
8 2 5
9 1 2
10 3 2
11 3 3
12 3 8
13 0 5
14 1 9
15 0 3
16 0 9
17 3 3
18 2 2
19 1 5
20 2 9
21 1 2
22 1 5
23 1 6
24 2 8
25 0 3
26 3 9
27 2 8
28 2 9
29 1 5
30 2 7
31 0 8
32 1 5
33 3 9
34 3 2
35 2 7
36 3 6
37 1 3
38 3 8
39 1 7
40 1 3
41 2 6
42 0 2
43 2 8
44 3 5
45 1 8
46 1 7
47 0 8
48 0 6
49 1 6
50 0 2
51 1 6
52 0 9
53 1 5
54 1 4
55 0 4
56 3 8
57 2 5
58 2 2
59 2 8
60 0 5
61 0 7
62 1 2
63 3 3
64 0 2
65 1 3
66 0 9
67 1 6
68 2 4
69 3 5
70 0 9
71 2 9
72 1 6
73 2 6
74 1 6
75 2 3
76 0 8
77 2 3
78 2 3
79 2 5
80 1 2
81 0 4
82 3 3
83 2 7
84 3 8
85 0 9
86 1 8
87 2 5
88 3 2
89 3 2
90 1 3
91 1 7
92 3 9
93 2 7
94 0 2
95 0 3
96 0 6
97 3 9
98 1 4
99 0 2
100 0 7